1777999192
1778000192
1778002192
1778003192
1778004192
1778005192
1778006192
1778007192
1778008192
1778009192
1778010192
1778011192
1778012192
1778013192
1778014192
1778016192
1778017192
1778018192
1777999192
1777999192
1778000192
1778002192
1778003192
1778004192
1778005192
1778006192
1778007192
1778008192
1778009192
1778010192
1778011192
1778012192
1778013192
1778014192
1778016192
1778017192
1778018192
1778019192
1778020192
1778021192
1778022192
1778023192
1778024192
1778025192
1778026192
1778028192
1778030192
1778031192
1778032192
1778033192
1778035192
1778036192
1778037192
1778038192
1778039192
